symbol	MDA-MB-436	LU-01-1157	LU-01-0030	CO-04-0310	BR-05-0014E	BR-05-0022	BR-05-0028	BR-05-0020E	OV-10-0060	OV-10-0079	22RV1	CO-04-0003	HN-13-0032	LI-03-0014	LU-01-1388	LU-01-1116	ST-02-0360	ST-02-0393
CYBA	8.25885109580256	6.580184210646426	7.007198612820656	9.20394500869359	8.73791561309006	6.803967526130485	8.509710677584005	1.220026748056277	7.235865820083451	9.40948124742062	1.6309294715490215	7.826816790361144	1.989433704190149	1.0412844284656992	0.25897742604296536	5.934169825932088	9.026596592492012	8.981829326660012
LY6D	0.06581336785799821	0.0	10.805248005500978	0.6768233324784645	0.08920216413328266	0.44956221686052156	2.7782555399388595	5.726363718278548	2.6161511910096578	3.807497155359391	0.0	0.0	8.562947476807583	0.1311023304732808	6.887240562323887	0.0	2.4260833284525223	1.2361332588609069
S100A7	0.6890791634801333	0.0	9.177569693708513	0.0	0.12169298591974842	1.3866935259902287	0.49397474207407854	0.8549297116109315	0.0	0.0	0.0	0.0	11.024372189201358	0.0	9.162886709077771	0.0	0.0	0.0
EPHB2	3.2511492837550584	4.285091876652572	4.307967155871874	5.676302527282679	0.35955485241391677	5.436408905633333	0.5176834372549725	1.2578273913540945	4.828469168018562	4.741292660593779	0.45992085482681805	7.081517297627074	0.5803402121464563	0.518504048057119	4.170579270589852	2.7755823484218376	5.817655595125618	0.12472753696836729
SNCG	1.34256725631836	6.162167697289786	9.838185688438509	2.044228660718071	1.9052612974851282	3.0164899281648534	4.462057268328198	6.73686211056229	1.1587371085914056	0.5362481280729063	3.348267395024286	1.3866935259902287	6.133395719658021	0.6558759364010108	8.823763343788382	0.0	0.6017900310172404	0.17921875261539022
MGP	0.18655095127364768	0.38427314846916577	7.687336236754444	0.276942155008257	11.422018017946638	11.190047515779291	12.893313109139807	12.624009137799435	0.4900566621251716	0.10733071352667395	0.3246389111187206	0.19571051138545587	0.8024847924636584	0.0	5.911019862471586	0.9239814602476708	0.0	0.08063951282393987
CTSS	4.6489590331253074	5.6713114853927085	1.6747309101267465	7.4665513781928405	0.9266623854024854	5.796861840032005	6.494556969474434	4.031294526063636	1.0890664100150373	6.859801202835457	0.067681583512124	3.965100732828481	2.8348392121159973	4.845599886529546	0.8861217868812328	1.0412844284656992	5.551628351989855	8.586657316199016
SPRR3	0.0	0.0	10.656690915080112	0.07850523136997606	0.0	0.0	0.0	0.0	3.9269220985141158	0.18350110467020425	0.0	0.0	10.499465788252545	0.0	7.534800728707168	0.0	0.0	1.1381062377027282
DSG3	0.008667118879845642	0.0	6.366668781654242	2.8461490051009495	0.01336604294953983	0.8162474128486248	5.145867389325119	5.098166067781961	1.7721389993526655	0.03878155272577391	0.0015950325530077777	0.27236219681090046	8.300427246431841	0.0	4.94335883624061	0.0	2.90297785856567	3.2998770709083507
SPRR1B	0.0	0.0	9.608250308738276	0.9785334358595369	0.0	0.0	0.05076780505488972	0.0	4.066077625425928	0.8799696442643888	0.0	0.0	12.284426480026418	0.0	7.715368235621002	0.0	0.0	0.9821823735399692
MAPK8IP2	1.270672450209846	0.16762776749874395	4.357603977993405	1.53307866368088	2.7414368252567183	0.5108768253095327	4.744453060910239	1.9540346287988635	1.031172122235936	1.587613755783314	4.826530777632457	1.6993474359659884	1.0501218785755304	3.900870164379636	2.557422346070518	5.138665209963376	1.533944752396622	0.414831405511705
LIF	5.827245011944174	6.508546893064385	5.172871537400201	4.5313122873843135	0.12169298591974842	4.150465900014642	2.724939794023145	0.40015126157096875	1.853891521204294	7.149543109183938	0.7758697933426035	3.6510220092427343	1.4432942493933036	0.8342185145049308	5.9347206155724574	0.6947784596741838	3.433961555056866	5.287783388827123
AKR1C2	3.808194280230976	0.38427314846916577	4.653348027426672	1.5662496056111346	1.54656292504492	0.5818218565974587	2.267286208245679	3.039845011601168	0.0	1.4499159355147946	5.039752507294086	1.4055445333705874	7.7051082682022605	7.642660603455353	1.5739630108156506	3.3555327482216453	0.8751105121644284	3.6695641790425504
MMP7	3.8460795772848066	0.07761469266882154	2.5759448786345143	7.003131928054653	0.6768233324784645	7.877310314999589	8.778210449467833	7.651453238406884	0.43523003387076226	9.931459012304396	0.0	0.5835863597984067	0.0	0.8952346868441357	0.9530503611963547	0.0	0.0	8.93613580181772
TESC	2.8840422468123097	7.039690332177626	0.0	5.029474126454256	2.542652867157721	0.0	0.09730165635055099	0.0	2.05293470848074	4.644591427845008	2.071032598068809	5.364351395203611	0.4074544371903349	0.09518785334434669	0.0963137000480913	0.29416095469941267	4.258655828083353	8.752130417424109
ADIRF	1.0459475316700408	5.979918268514387	9.625221225092636	8.261579388278824	1.951171319658324	4.498179576886145	1.266325808275841	8.144156599382015	0.7622963655882647	0.0	8.038003152599888	9.518668556186263	9.838185688438509	0.0	7.85826622158582	7.422806889143437	7.33461788392006	3.0307403571827334
MSX1	4.233644691542672	2.6445018031218845	0.08799714269569052	2.532552945787677	0.16058762335553736	0.0	0.015530815083515096	0.6073151405784989	7.262287047786673	7.357780189185338	0.08216595060701204	2.712860021759219	0.7130236509486336	2.713762685107424	0.6025347757460611	1.362824880268546	3.333745174545892	0.2706142771695946
RENBP	6.932524878104598	4.460488782354946	2.246737366515382	2.880309571261785	0.0	4.454527706888172	0.3859401986233225	0.09503036605435376	1.5140646118797096	0.6915396459091089	2.9051785631874685	0.7425411574746685	0.28518040849035403	0.0	0.058246313597303735	0.994161107654823	0.2305618948529901	0.6096106105535728
CSTA	1.11595595908606	0.0	9.042709497644308	0.4409357903941655	0.0	1.3024220209532769	0.21033968598293115	3.2388705255396153	1.438578112497438	4.057215951729315	0.27952926446007237	3.0827803750301994	11.388053242442968	7.183187755343081	8.661228780536014	0.0	2.163950494582023	6.220447241722533
FKBP10	6.959947281090908	8.021024957409761	6.711464617588471	7.28311895706394	0.3655670942249628	6.025878065578741	0.7635827345090526	4.513065944869569	7.944138984460324	5.13546683957314	6.489671912220505	0.350265127010226	3.463230808611897	0.1453871656787801	6.770713757351202	0.27609518198676014	0.5601508699192294	5.270974761887812
SPRR1A	0.0	0.0	8.501360448885885	0.0	0.0	0.0	0.9399118633273937	0.0	4.189709404612948	0.0	0.0	0.0	11.867695940186428	0.0	5.210143602783731	0.0	0.6017900310172404	1.2787654494627447
NRTN	0.9380112997736266	0.4900566621251716	5.148367291713296	1.6694054795699742	5.1865098998737045	2.393765061086224	3.346045658708872	4.186057312496278	0.26002029561167705	0.7254938657765919	1.4111638300850766	2.2650044320872538	2.377106290017788	6.783596159082772	2.0737498511636825	5.141803013256638	3.1317329709083115	0.5714706896518833
ALG1L	0.6230332746923948	4.084946237500277	4.641803048019366	2.428016039540762	3.7014796425505128	0.4261033235168352	1.1330922087743456	0.20618251964644427	0.0	0.0	3.2871795183279184	0.5496107394507148	4.239254066947044	8.318517616444149	4.91440417829263	3.468275279185271	2.6025003783342875	3.4044557043857644
NBL1	5.395680431133788	5.753044789586716	5.499194651503038	7.969032816024093	4.704188449335424	6.64474757102973	4.389033417474203	3.440831518233451	4.977798902847363	6.903064296311062	1.3041126998950814	7.1778141138672265	5.437493692426768	0.460637196740223	5.291045726646652	4.542172588273321	8.086707306579008	7.045849034301907
SLC37A2	0.6328181095553694	0.40551967237282605	6.4560666545106224	0.57530156915961	4.186057312496278	0.18961010153339306	0.11096677067044763	0.25052580515882555	0.19686388044304326	0.26772712338543614	0.2967068934897517	0.6768233324784645	6.739420727596091	0.8274424576402694	4.910900050710293	0.4643592631948131	0.4082117556711055	0.5319560099267517
PAX8	4.367653396861897	2.8315520948109323	3.8256875020296643	2.5705190167850254	0.05381335993652559	5.585141776842599	3.742852385730558	0.15549244259722006	0.1309393353470024	10.243124360057678	2.5189493800889253	3.5296001433166007	3.9247667518271334	0.46139480015967993	3.488768871328034	0.35955485241391677	3.0211701541000404	4.236986425503876
CASP14	1.360997918437498	0.06379325956762409	2.1648335191859207	0.0	5.754761488999853	0.13861333119794303	5.000514121775513	0.38427314846916577	0.0	0.0	0.0015950325530077777	0.0	6.542249675903723	0.0	2.778799073854302	0.0	0.8327105499167685	0.0
CLCA2	0.17164814444725726	0.04830160249152758	5.445406485971617	0.15839039988568904	0.044733922988255445	0.02621776494174903	0.5051592448679313	0.0	0.1309393353470024	0.03878155272577391	0.09320324399608203	0.27236219681090046	8.706911229360015	0.0	6.955921497791842	0.0	0.0	0.0
CAPS	1.5993956358422738	4.9544863354687605	9.34045715447339	3.355020886510952	5.160922532971379	5.297943714017975	8.599177033161014	8.378017233042895	2.9322955332066423	3.5421765160275864	2.6025003783342875	2.2540483915515273	3.3500416353809963	3.32078182861342	8.105315362505847	3.8372972031329144	3.6712911781108835	4.840552414954208
S100P	4.023309890037181	0.7164443011526012	9.026596592492012	8.028573688233	3.1195297204426504	1.329992189043863	2.67306626557106	5.327131255891944	6.5046852199173575	2.488394682597581	7.235865820083451	9.989531140870502	9.586863012925262	6.325809645299726	11.024372189201358	0.0	8.310201006357573	8.505945181055877
GPC3	0.9489945954814453	0.13209597036424825	4.620004268974546	0.41218276329914894	1.799039792498319	0.9994594056998712	2.0844680771750896	0.44540278475423456	0.43523003387076226	0.068992344780531	1.4111638300850766	1.5825741501864248	0.8441714225366064	10.741254964312844	2.236256945696636	7.816060713881672	1.5602318573550287	1.2787654494627447
SPARC	2.162891044670525	5.88591420003627	0.1744794748137302	0.07850523136997606	9.917814496024942	1.3902877302718073	3.2864861736705215	10.299631726461755	1.6027488810715118	0.6644960510683022	0.668339172847989	1.3729380154479938	1.0381929449078233	0.0	6.222800817195128	4.787248156621734	1.7661844756470337	0.0
KRT5	0.7929867055201076	0.06379325956762409	11.341397075313298	0.11951300197419139	7.151067525141248	10.000240119381605	7.416977682949175	10.966406327298763	7.530498631258092	3.8275101511087692	0.9261651587814101	0.09246249418181354	11.614605590334389	0.0881405904949904	8.693924983517274	0.4261033235168352	0.7342257082640399	0.25256979877826785
EFS	0.008667118879845642	0.06379325956762409	4.678616429392191	0.07850523136997606	4.8708203235002845	5.736882401936141	4.664537962427762	5.4154085692628575	0.1309393353470024	0.0	1.1921302274681862	0.0	3.70501737102105	5.247267537060647	2.9826248912898814	5.7013234326689775	0.0	0.0
CCL2	5.795757378868517	0.0	0.08799714269569052	0.0	0.35955485241391677	6.723176360643584	3.2410660474610626	1.5807272905501983	0.9224596482143157	0.0	0.27952926446007237	0.0	0.0	0.0	0.19254690482846157	0.0	1.533944752396622	0.3073841552515987
KCNE3	0.6004757736939781	0.5745168204659139	0.740354812103621	5.796861840032005	0.0	0.4261033235168352	0.03496999274728103	1.237798024265511	7.68550761820312	4.165872329935568	0.0	4.729358202415794	0.61576739019361	2.431664803232458	0.49232648684785985	0.0	3.659331978200049	7.5053577936665175
KRT13	0.2023518246376316	0.0	11.422018017946638	0.34667504073353483	0.16058762335553736	0.1781806973528911	0.061579101874738744	0.06689411156279898	1.727323444739647	0.22742493656716903	0.04136935394716773	0.7425411574746685	3.3213332281648595	0.0	7.20959356519317	0.0	1.8785642570319365	1.6548369271075272
CROT	2.959252563169483	1.613266712264115	5.241123770313351	0.37930453282906973	2.456998792705606	0.0	2.232395488913399	2.3639272755281238	0.4900566621251716	3.2986097872609847	6.246946598083429	3.0014670517472477	3.648067060126213	5.075965557947904	4.095415331341639	2.268792276791644	1.059721843940384	4.050743054966735
PTHLH	1.2012249013633636	4.48856790743026	6.696706129956052	1.1291294023913887	0.5810436048900142	0.12063261295609849	5.275145031704345	1.7851879117545113	4.960497367163639	2.782148870164413	2.693389008054712	0.5496107394507148	9.32504382707775	0.0	7.274483896824559	0.0	0.17343715427054177	0.1575241991094509
CLEC7A	0.003589215099112791	1.3729380154479938	2.848775474035054	0.03967769555918581	4.321933946726116	0.711393944844796	4.904434956362902	4.265822766771951	0.0	2.643893398970743	0.0	0.0	3.1240490897060575	0.4284574783402092	4.981971975508297	0.0	0.0732781030661126	0.0
AZGP1	0.5225302887705109	0.22913735382783887	2.4863750051723343	6.507784759698553	11.546927546204401	6.765709862143094	10.526974310511527	7.2029990344077435	1.2353301608904559	0.03878155272577391	6.8075090094291895	3.9315512774187837	1.799039792498319	9.731745386183588	0.083417514189171	0.7528616569944345	6.720653190857163	7.212543668936034
IGF2	0.46358762527506087	2.369502178402616	8.915811871355281	0.07850523136997606	0.06495456361882972	0.0	0.0	0.05938108586221296	1.4200465986829094	0.19571051138545587	0.27952926446007237	0.19571051138545587	1.127565845953332	0.20160438446413825	10.474553191112935	3.3715415677944307	0.0732781030661126	1.3579979194973262
SPRR2D	1.4866080455409323	0.7164443011526012	9.018226532277419	0.37930453282906973	0.0	0.0	0.0	0.0	3.2274767268257385	1.9522495071629935	0.0	0.0	11.822935664759726	0.0	7.235865820083451	0.0	0.0	0.0
SGCE	5.5446116347666505	5.674534823927674	4.825575040381771	0.0	6.685845933680611	2.717395228506005	4.106151164520774	4.916276916482468	4.458754878546947	1.687592316815814	5.95953408011889	0.0	4.261831318668153	5.9897266940345695	5.728848317486783	5.48141614538658	0.0	0.9489945954814453
CXCL1	7.024802950537384	4.08233800361219	4.8251736601164845	6.778164698420746	1.1996752835463547	2.9617639497105106	2.217817027662311	1.2774119383113622	0.6708462327880831	9.977591151404159	0.4755321948859378	6.53630961620094	2.7544376891841673	1.587613755783314	6.779341700868333	0.0	4.6034908958589575	3.8069780002196083
CALML5	0.0	0.0	5.908062843659504	0.2015983505881157	10.000240119381605	9.000722077103163	10.85905628047975	10.106589269593194	1.9184215125820268	0.068992344780531	0.05459043077971251	0.0	5.915225745357699	0.0	0.7199360202186624	0.0	2.180614645184351	0.0
PCSK1N	4.616983226606738	6.624841040917264	2.801029830461653	1.8785642570319365	7.166484442313955	0.5396708213370818	5.908062843659504	3.88289939547559	0.4900566621251716	0.7819070896606876	1.595990056077949	0.0	0.0	0.7019862293414123	6.086417554559599	7.755524795407478	0.0	0.0
GCNT3	2.1174514543695047	3.4861093261997973	0.4932005753223557	7.428917921806053	0.0	0.24502620355941085	0.05076780505488972	0.0	0.6708462327880831	3.661913501850203	0.1309393353470024	5.6292362569955605	2.2349327061637125	0.7721834303943768	0.45193921813318294	0.1421856986355076	5.258610686238587	8.482738248150739
ACSL5	0.3671337357163696	6.441287988187275	2.0405340791001865	6.851322116555669	0.7480944545840539	1.570548750923515	2.0217280111796785	0.29758755532773784	3.802592101832746	4.721254831710912	0.6038521091657363	6.358414311419918	0.8653587757347616	5.342977477050119	0.9690907058336339	0.11861560636636519	6.088030625506928	7.397881519811595
AXIN2	1.554629290791825	1.6301541207492234	0.0570344734900183	6.931325340012716	0.6803617602198675	2.5316304423827387	1.8922649417125852	0.26565230705032455	7.715368235621002	0.39852281065375234	1.4824341921993276	7.4443171834640385	0.0	0.4479937434146097	0.07130819130395481	4.765138981677717	1.90405225609422	2.0132253611998734
GJB6	0.05270844885665018	0.0	6.364609765705607	0.0	1.5560785549934784	0.18961010153339306	0.5463093885005388	0.012204919170642262	0.8905023976525283	3.7413927923682007	0.05459043077971251	1.2142152827011894	8.977092618781091	3.4436636053511234	6.435455843170833	0.0	0.17343715427054177	0.7813026371762285
CTAG1B	0.003589215099112791	0.014421016366836946	0.0	0.0	0.06495456361882972	6.38355530781114	0.03496999274728103	0.0	8.261579388278824	0.0	6.147388795198409	0.0	0.0	0.0	0.0	0.0	0.0	0.0
ANXA2	10.992915957102186	10.992915957102186	11.109814159702621	10.264451442929477	8.516152708392404	11.65069044104714	10.317925814605493	9.977591151404159	10.106589269593194	11.614605590334389	3.436099439735136	10.34613352405856	11.25943372071846	6.403114709467357	11.822935664759726	6.947148256364103	11.614605590334389	12.893313109139807
TMEM45A	4.704188449335424	4.492809415524442	6.948758145134077	0.07850523136997606	9.268296538935836	5.2838045911437925	6.282810402982975	4.177850395029114	1.339186987737057	0.30034670397088514	3.315308321032525	0.6768233324784645	4.171043476573447	4.498626795414928	6.714104887015125	0.49470619945095884	2.618985256522105	2.240050568868793
IRF8	2.9573151670717355	0.6728241072816704	0.30941784115971255	4.939250958180981	0.0	0.06379325956762409	0.03496999274728103	0.25533151826868433	1.3579979194973262	6.137565659917723	0.029076775584143892	5.973206318152773	0.32661460578303914	2.3159578504639304	0.27334236709475795	0.0	5.771142116966044	5.410313916930254
IL32	8.338427309550575	3.234396355770131	4.9305442777549215	7.636242320619167	2.2124175515009576	5.539238822039836	4.5527296741762155	6.779341700868333	2.8511235783345055	8.895592185477103	0.2305618948529901	5.795757378868517	4.2998194376557	5.1455337431395	6.109408032203985	0.456117718087234	7.548251997410873	8.599177033161014
MAPK11	1.8255362980021816	0.4900566621251716	4.456058155335688	0.37930453282906973	3.0951304887295614	1.5056251624653558	2.716536515377775	3.6846188986661748	2.2496673507197875	4.179593415907081	5.16894322539737	2.007451674181203	3.312472574855348	4.089245742345187	4.163254923302616	5.1630054123006195	1.2447113029947714	0.5319560099267517
ADAMTS9	4.083264271856751	0.15116857391350347	0.022394691951269488	0.23933939468375184	1.61073441575391	4.615826227374203	2.2269293934332395	0.6600574900312679	0.07546761280578558	5.736289053026063	0.2629442618652471	0.8441714225366064	0.1666309316137822	1.131034723780763	0.19254690482846157	0.0	0.0	1.1685411540822281
ALB	0.4383851537498281	0.0	0.3354798424244636	0.6987971017441912	0.46139480015967993	0.32558446608365466	1.0753496670221303	0.4883053785369344	0.0	0.0	9.146969643914012	1.7116435406215695	1.5923367668187134	13.576993429238184	0.0	0.4074544371903349	0.0	3.825382659203148
BEX4	3.039845011601168	5.582692048579738	3.184304607923807	0.0	0.0	0.0	5.6864311061821295	4.664537962427762	0.0	1.9402923542676076	4.162865332792628	0.0	0.0	4.809738918731074	2.176865336363263	5.965298972558749	0.2914479226922044	0.5835863597984067
TFF3	0.35332723513594355	4.389581053765469	1.959529556218751	7.364951425028402	0.3022816823895348	0.8689914941005659	0.0	0.0	6.9124686225352425	1.7182912924846818	0.16231315154111306	7.761586139162071	1.1432816855388033	0.5810850093356824	0.12832357311518142	11.024372189201358	8.482738248150739	9.042709497644308
CERS4	4.49542368473055	3.8505305345040575	6.022392065539748	2.0977710853635063	6.1160906504664645	4.450808992962992	5.756028574165111	5.66664087028778	0.37930453282906973	2.680802037599931	1.4701192843814586	0.0	5.712421415613104	4.767158415580088	4.50206198154975	6.469082903951293	0.9726147442220314	0.0
GALNT6	4.5630606169832	6.843943712101234	4.588051008333394	5.812732524943489	4.246761147510997	5.501551283029126	3.5104211217735135	4.46306288102728	4.768248185146817	5.332968482515342	0.3246389111187206	4.8232841267394875	5.458461484022884	0.4808663161942655	2.877631446020417	1.5589011109651432	4.3557149640651485	5.122223463040144
LGALS3	6.770713757351202	7.787253604774118	8.80305157669778	10.22598355438621	7.336370599299343	8.048170534979413	6.214440863078302	7.977173287632831	8.148519330483214	9.461274404835518	0.668339172847989	11.168937493283835	8.466367044057016	5.207888347583836	9.534410925007785	0.5388593562566544	10.70056748506123	9.050000224467263
LYPD1	2.1814431726376906	3.292711878399479	0.6469928175974751	0.0	0.221101736686713	4.9999695630334315	0.8184300759185379	2.7755823484218376	6.889927662096739	1.9126968970032086	0.0015950325530077777	0.0	0.7130236509486336	4.151092705351356	0.8024847924636584	1.7721389993526655	0.5601508699192294	0.0
S100A4	6.564781980441446	11.76030193175449	7.944138984460324	7.534800728707168	5.384235303592952	6.647704962009781	7.85826622158582	8.769507518153766	8.778210449467833	11.76030193175449	1.3873465330673411	4.84778080343938	6.8075090094291895	0.7516521910035362	11.086754036561961	1.2150069577348503	7.989077820294875	10.526974310511527
SYCP2	0.8240109633280803	0.9514440516849779	1.1057448329504087	2.3056798581808726	6.363464840772149	0.7946212710344692	3.280513905400962	5.361356726420728	0.07546761280578558	0.16439132276661636	0.44540278475423456	0.5835863597984067	0.9070992483421669	1.1243394904688615	5.20389000059785	0.7204779971217435	0.0732781030661126	0.7480944545840539
AQP3	2.1142188705470155	3.992259409711641	8.183901010917353	4.623445321284927	3.5225357348862034	2.1722971355746075	2.9511454952503278	4.753947137878168	2.4095822024227163	0.5895564139373655	5.681493960816617	3.175669448496336	9.608250308738276	5.28080168648473	2.0405340791001865	0.4993012905083833	5.719041516289585	7.188405532416543
TNNT3	0.0	0.0	8.092914903891078	0.0	0.6890791634801333	0.1781806973528911	1.9740869176214173	1.0614518443118746	0.0	0.22742493656716903	0.0	0.0	0.47791402899797725	0.0	4.230492486906638	0.0	0.0	0.0
HPGD	0.18655095127364768	1.52873801261574	4.684462934664663	4.4336040496912075	0.01336604294953983	0.46818316190033143	3.5994255648661055	2.3549029764612683	1.4589302784808036	0.05588536156742073	7.599070524907463	2.0182544054015357	5.051580488261312	5.717355420990313	2.0132253611998734	0.0	5.402350569913143	8.250245683140147
CTSB	9.107687072095029	7.446155163323009	0.30941784115971255	8.120655705688415	8.25885109580256	8.400649283308866	6.844832283004975	8.018008045562137	6.706500762530687	10.168062513630765	5.162040350132689	7.938146608378659	9.011387713183503	6.258267761701651	8.266299626465731	6.304631281472572	8.501360448885885	7.468569221981462
CPE	1.4280297432777231	6.3016800604809795	4.053446693127042	0.276942155008257	2.621233131525586	3.2518744145098526	1.781248063085216	1.52873801261574	1.1349033327276685	0.8549297116109315	5.357004765585954	1.0965411197373243	5.460190298060369	6.218897671752851	5.737287225792294	9.85151621377598	0.0	0.47334872194534644
PROM2	0.5022401722746516	0.1781806973528911	6.319517472919861	4.963936208744865	5.19740346604374	5.828791043512016	5.336205449998435	6.241182326158033	2.281066816397583	5.449981727446722	5.913732663785066	1.3729380154479938	7.336370599299343	0.1666309316137822	9.032951484349505	3.8047024499496604	5.21476094064646	4.512001604412763
NLRP2	0.003589215099112791	0.0	0.0	4.1642585256875	0.0	6.853690170031988	0.0	5.976507205269844	0.719318145223691	4.938662408586367	0.1309393353470024	4.623445321284927	0.0	0.03385110290740768	5.2372286124669465	0.0	0.0	0.0
GAMT	4.189709404612948	4.293821154410455	5.00245855896885	0.0	4.572826351425743	0.31596422415912506	0.16152765025355645	1.7001230882493956	4.123784725228538	1.8231238067551427	5.417015423483488	1.0568684596895177	3.500657582303267	9.162886709077771	3.6209668031597624	5.9074930245938315	0.0	0.47334872194534644
ANPEP	8.140166437311656	2.1142188705470155	1.7057001567103325	3.4565070026108975	2.330465525710204	7.944138984460324	2.6349278536349825	3.4002498770423037	0.07546761280578558	0.068992344780531	0.3073841552515987	1.475648768922517	0.508492830119655	7.2174485238057615	6.195523237033367	0.0	1.81563988481965	8.118440292808414
CAPN6	0.14687741858913095	0.0	0.0	0.5550732542268654	0.08920216413328266	7.867142344761736	3.658073908481913	2.2761849290399967	0.0	0.0	0.006706971667234605	0.1453871656787801	0.0	0.0	0.009910162194802842	0.0	0.0	5.455169475372547
IL27RA	4.487178447124129	4.3959553882238644	2.5638025454584397	2.4504977558196996	1.362824880268546	5.366308016925134	3.888557970763551	2.487883376505337	3.8997898776254596	3.7433140086727428	0.204303717697021	3.7888940552858283	2.4515144094597203	0.3476616616069597	2.8653609410489174	2.380870132578541	3.589263248276559	1.3336916431657446
CDH19	0.0007975162765038889	0.0	0.0	0.0	3.8597493829339964	0.36967904244305133	3.7021269903038156	3.8490576097179985	0.0	0.0	0.0015950325530077777	0.0	0.0	0.055885849069499574	2.8089891913841694	6.436674041898689	0.0	0.23740250836064286
C2orf88	1.294978959000335	1.8075195090551952	0.6120540270938112	3.120655181442174	0.5992807359997147	4.875313889081822	3.2107975327180855	3.444934932195032	0.19686388044304326	5.699777022218566	0.4308253400705029	2.4234416026200933	0.0	1.747063340818878	0.41967647519678053	1.0120190798894049	2.0748575469407173	6.147388795198409
CD74	1.5602318573550287	4.436430096426597	1.3823324589917614	3.5764026388273447	2.1050599863868533	5.736289053026063	5.911019862471586	4.50052250602835	3.085022180285497	7.312522024030609	0.09320324399608203	6.069312315638601	1.4530112073790562	6.109408032203985	3.220799787913662	0.0	1.281773358255178	7.969032816024093
KRT14	0.6230332746923948	0.0	7.646713473480897	1.1133216224874096	7.163777675234041	9.40948124742062	5.265398495036368	9.748902656797476	3.0610658083640114	0.0	0.6197075999729189	0.0	11.938468744170365	0.1781806973528911	5.569536164995501	0.0	3.240353669999883	0.9981959026234488
SYT7	2.098427824078609	0.19349536557525193	4.456058155335688	5.3895457268774285	4.113164194000324	5.307301095507374	6.164665971626857	4.871713150368618	2.392157111218905	0.14334518862609041	3.8089236982977974	2.0737498511636825	5.440244612139362	6.300291359855319	4.278504920638843	5.014372102987749	0.6469928175974751	1.098467072122406
IL6	6.208906857740824	4.257845255090643	0.7008426537600547	0.0	0.5992807359997147	0.9288099467804294	0.0	0.15549244259722006	0.0	6.456986387036543	0.0	0.0	0.4471854855987296	0.0	1.164993840567502	0.0	0.0	0.0
NEDD9	0.3671337357163696	4.209122791503453	2.742424935146401	4.6195193478484855	0.9316447975289803	4.845599886529546	1.508444243965503	3.405101068022973	5.940638746207295	3.320356349805932	1.6428319640883002	4.542617589873668	1.598769099824902	1.8283850520784892	2.166702891310979	0.7597358351593105	1.3669944826644003	3.8715128326587975
GPR87	0.003589215099112791	2.3425278523397166	6.615168367618624	0.0	0.0	0.10125658670278251	0.5876761525552744	0.9092274000466598	0.1309393353470024	0.9764729350675042	0.016312769817499698	0.0	6.217183463337975	0.0	6.701381874449241	0.0	0.0	0.738383735059378
CTHRC1	3.5686599994184993	5.231284066244202	6.510469095831683	0.276942155008257	5.661224931048352	1.9548311390862807	4.60098490080563	5.44823411605405	1.84825857455875	1.5124954133803656	2.0600756155770124	0.0	2.2048824849510673	0.11229254947979696	3.304523300714043	5.881761098044965	0.7342257082640399	1.0677125428283434
S100A8	7.931570446896796	0.0	10.416130331820192	1.2233114941612855	0.0	3.289214233505605	4.197125965269064	1.9712606664334724	0.0	4.731181530849096	0.7946212710344692	0.0	12.624009137799435	1.4566700205098002	10.243124360057678	0.0	2.236256945696636	0.0
APOE	2.8769688156479214	5.81029656798604	3.3539178576190927	0.6038521091657363	6.506814351182116	5.702678960984237	5.09299706209069	8.85886783540337	2.716536515377775	4.366541949211835	1.8006061290522157	0.7425411574746685	4.783014385135252	12.418615528241684	10.000240119381605	1.2598517315318072	1.2447113029947714	0.456117718087234
NCCRP1	0.05270844885665018	0.0	4.439178658002281	0.6038521091657363	3.197614973654173	4.247858231757762	4.3569151142331854	6.3011406998525565	0.5574725632395032	2.05293470848074	0.1915175371175437	0.0	7.234467328837685	0.0	5.741087610782504	0.16058762335553736	0.0	0.0
GPRC5C	2.13802032048587	5.553987250345762	4.738632491490889	6.69012616179982	1.81995699345868	4.3167252064700135	0.0	2.84499013085509	0.9621400234525205	8.133615883550963	2.2002941252269075	3.7228114151755594	0.1666309316137822	5.334985753704552	2.600968717286871	4.097607865932084	6.3077734269237045	6.851322116555669
CYB5R2	2.3844052988925863	2.194262775683834	5.768224215459279	2.6608912351086658	6.178804177571994	4.71408832703185	7.191499961591599	6.442693101993574	2.0029930694554468	4.870054043309132	2.7414368252567183	1.2261550962680265	5.859945530419134	3.5753287604554362	6.13510790184447	3.015732030665315	3.184304607923807	3.203855784458434
IGFBP4	5.023480130963424	8.06952142866161	6.645940344563881	6.642247701504066	4.315409663332035	6.485846077118084	2.3124153179239695	3.3101128331203045	4.00142661593133	4.851039336906445	0.2629442618652471	7.397881519811595	0.9380112997736266	8.266299626465731	8.021024957409761	3.170528813391646	6.711464617588471	7.138277305711402
TMEM100	0.3671337357163696	1.4682010982982407	0.0	0.0	0.0	5.479516199474183	0.9018923834320923	2.377106290017788	3.845353429092436	0.24330583578891718	0.09320324399608203	0.0	0.0	0.0	0.0	0.0	0.0	0.0605225018089236
PTN	1.6794832148213306	0.0	1.0965411197373243	0.0	4.740920996754464	6.175391616127105	0.011035543838900808	0.18851437671123503	7.7051082682022605	0.03878155272577391	1.127565845953332	0.0	0.0	3.524078662627313	0.07130819130395481	0.0	0.0	0.12472753696836729
SERPINB3	0.5895564139373655	0.0	3.2622641396045644	0.0	0.0	0.0	0.0	0.019463787634313435	0.1309393353470024	0.0	0.0	0.0	8.551080568644332	0.11228989718694406	7.319101693847537	0.0	0.0	0.0
ALDH3B2	0.06581336785799821	0.04830160249152758	5.699208683062324	4.814883307396831	4.321272297215675	2.12995437226171	3.1625635682133506	4.694753955674809	2.0247939302899383	3.520475500482225	1.5217525272698722	0.43346991992297756	6.254031667383722	1.6251322179235432	4.261831318668153	0.20835956211390655	0.7912063934429612	0.3073841552515987
AREG	4.037488164289354	9.026596592492012	7.235865820083451	7.257668234032461	0.43020535086522954	3.3176843246395475	1.4065565014429395	3.888557970763551	8.36009833694763	5.514425083321904	1.8006061290522157	4.816924331057019	7.174624988753284	0.0	5.860490068194166	0.0	4.437042443763068	4.231754758485509
SNAI2	2.752817655049524	1.3776467746343422	5.95248867171683	0.0	1.3258108316254462	3.430260072100782	4.251399956108847	5.226033890670885	0.19686388044304326	0.0	0.10997620281711235	0.0	6.142809358225545	1.7029191397319885	5.357572490842238	0.3073841552515987	0.0	0.0
C3	7.7938583214268595	0.21907639571331614	6.936133480609878	1.9815222162205057	2.520253626180688	3.176864256771955	9.482887683157978	3.987883824740778	0.26002029561167705	9.67561095523563	0.24965456192308436	1.1356906769676427	5.192952899887033	11.571273699333966	8.928398193851462	0.6392752699894547	1.281773358255178	0.5199897558087088
IVL	0.04054337765102531	0.11515243280812291	5.012419909313098	0.0	0.0	0.0	0.32397881746436724	0.2162634538631215	2.7394072443890605	0.0868885837027344	0.0015950325530077777	0.0	9.504236938878138	0.0	5.7470537367666195	0.0	0.0	0.0
WLS	6.244225128744014	6.061097033673464	5.066963006405331	5.728848317486783	1.164993840567502	5.692221746465973	2.3124153179239695	0.8342185145049308	4.966934406623796	2.13802032048587	3.3219616633636972	4.301949898611603	5.902002082874131	5.211943394752765	1.727323444739647	5.637171648748914	5.2634661481339675	5.817655595125618
NEFH	0.11416184123182647	0.014421016366836946	0.0	0.0	6.0395836921974855	0.20944819845089058	0.011035543838900808	5.24677112386589	0.26002029561167705	0.05588536156742073	4.276585133617067	0.0	0.0	0.04966313880032923	1.3493907699696144	0.6169477271346822	0.0732781030661126	0.030216614874272678
SLC34A2	0.017087169315159353	0.25154274462661586	0.08799714269569052	0.03967769555918581	1.8979892633290834	5.884052986559698	3.0808264009785806	5.595468141103631	1.8183939115538448	8.438378217369094	0.0	0.0	0.0	0.0424872860374965	0.0	0.15238235345340698	1.7147494486892265	1.687209057480037
COL6A2	8.22160719733387	5.900754691175331	3.6798918424893228	0.844851486785664	8.562947476807583	9.32504382707775	0.6897227299050736	5.957977541245021	0.3169818934594881	3.4812625363043592	0.067681583512124	0.0	0.2201206208394195	3.4738560628903494	4.192331678043518	3.199587346194017	0.6017900310172404	0.04361952418846862
KRT15	1.4015663205041733	3.8702140811117474	8.909062465446139	3.128777604794827	8.599177033161014	7.160288320340813	8.234239652051134	9.146969643914012	2.6117684619186656	4.085943459046521	1.0450949109065695	2.166702891310979	8.03160422042521	0.19789957627145752	6.3011406998525565	3.2864861736705215	7.253138431406886	5.159908556325259
CPXM2	1.715653948650511	0.0	0.0	0.0	2.7055314288362156	5.365223399146314	1.991345352151296	1.5238990291293548	0.07546761280578558	5.690651654899295	0.0	0.5835863597984067	0.0	0.0	0.009910162194802842	0.0	0.17343715427054177	0.0
RERG	0.5225302887705109	1.853891521204294	4.546868002091364	0.23933939468375184	1.3221924014519315	1.2923244836503216	3.351373798018132	7.823975765860002	0.6708462327880831	0.0	2.470842794335017	0.0	0.0	1.2300082001744885	1.0556446497609075	1.0472741083350163	0.0	3.1587627244802503
GJB2	1.715653948650511	0.46512702215794693	7.577054702577407	3.2814638672887764	2.2438039471968514	0.5924424478364482	3.0448951123796806	0.8245192446416032	2.908478425871962	7.2016434865775905	0.4755321948859378	4.250990482941049	10.058546316896333	8.075424929031715	8.270583030765762	0.9673241907741996	4.948708009372089	4.787248156621734
BST2	6.071737148399602	2.876548747645497	10.034793683707722	3.3532084942977707	3.0287475613941126	0.0	1.1489559405466754	4.856592129689884	2.412106284912218	3.8715128326587975	2.0125242529631686	2.975455851422674	6.563693519227219	7.724781890278633	6.486680526359631	1.0347736185244276	7.220351394085538	8.21225202064547
MAPK10	0.17164814444725726	0.38427314846916577	1.863214089640386	0.0	4.167863625871836	0.0	0.2460215624369345	4.3436697260136174	0.0	0.0	0.4097648094740691	0.19571051138545587	1.5739630108156506	0.3941216793412614	1.7887283932919713	4.169378685583658	0.46213296247027036	0.6533103307730521
NES	0.24399974528146753	3.9213429982933974	4.623042078140767	2.8055636693093025	7.320619081763695	4.3585688924329595	6.736011024408931	7.2712989623162265	5.030696181623287	0.8492970604730821	4.629885595651418	0.6768233324784645	0.1666309316137822	0.18358907614414083	4.617437974561016	2.3961171292905714	0.0732781030661126	0.04361952418846862
HEY1	0.9205065029688448	0.3949282747716682	5.5762934574617224	0.5281680174638588	0.21355296992233294	0.5108768253095327	1.2051729756910925	4.6934085485578265	1.2923244836503216	1.9600605920117913	2.387089718855603	0.5125638220155861	2.289267820943389	2.1328030590242353	1.3564770812262377	4.292600951018333	0.505867815649433	0.3966571534769575
TBXAS1	3.3759531061671515	5.094624123049909	0.6851214072586338	0.8102327582394359	0.5295840971367478	1.9184215125820268	0.2950482831711637	1.249115756095462	2.270547095309682	1.4962521652570138	1.1081448956103006	4.832412796590482	0.8653587757347616	0.7622963655882647	0.12832357311518142	1.7929222373249034	0.2305618948529901	5.267045431620308
CXCL3	6.298632505293083	1.9970837268813513	1.9023870551784796	6.999991560063126	0.7376939019970352	0.7410317798389952	0.5263039887912306	0.7365393272172712	0.4900566621251716	3.261687435312446	0.006706971667234605	6.19679441082674	1.318636617589032	0.5404456081372823	3.50744623230477	0.0	4.024652166692547	5.680310400216355
SPINK5	0.0	1.2710896627469834	5.656680462341561	0.6520389614773533	0.06495456361882972	0.0	0.061579101874738744	0.44540278475423456	1.8998114617690263	0.020741485599833062	2.953284517461802	0.1453871656787801	7.0609119949034485	0.711393944844796	4.628531164301881	0.1699789483805852	0.0	3.5613004369105385
EREG	6.432081155128032	5.685624095485983	4.383750739767248	5.119464973966941	0.05381335993652559	0.1781806973528911	0.0047306235167772015	0.04587769302418828	4.3523271116636595	4.054941736233575	0.067681583512124	2.115728435170907	6.304020149298811	0.06689777421075004	0.11341703430132985	0.0	0.10917207311556035	2.3056798581808726
ATG9B	0.11416184123182647	1.3317472026553043	4.249522065234645	4.181503764335403	5.082975512779002	0.7716147281912407	3.2864861736705215	2.8604665141744157	2.358587681296318	1.1296269396244234	3.436099439735136	2.7990173360524584	3.608369155288908	0.058294896218069034	4.691713410963333	0.18581795558371073	4.4837232118031665	1.90405225609422
LYPD3	2.01457833754323	0.4900566621251716	7.057177317980419	1.53307866368088	2.9293430741868054	4.1554096320365765	3.8768730970067042	5.794035291407177	2.8423484598916335	6.403855699892039	0.4220386632806811	1.787115379935237	9.821524022212847	1.6804013169135021	9.807635486914524	2.920790458068749	4.698774607401628	0.7704605407832553
NID2	4.216076355438074	0.26565230705032455	0.08799714269569052	1.3258108316254462	0.34053136349415913	0.5818218565974587	0.304846110030615	0.5441050046888574	1.747063340818878	7.938146608378659	0.8762074971850263	2.115728435170907	0.1666309316137822	0.38600123646233625	0.15453653836146533	1.0472741083350163	1.7661844756470337	0.7299575943363976
HSPB6	0.34575833646507204	1.6369015151034196	3.0024455573009274	0.03967769555918581	3.817296541151344	0.24502620355941085	0.15014764041979942	2.393765061086224	0.6130426899529398	0.1272081841123672	7.07915730458458	0.0	0.6890791634801333	0.9331531316597688	0.13979838581114817	0.0	0.4082117556711055	0.0605225018089236
ROPN1B	0.027018712482123085	0.5745168204659139	0.9764729350675042	0.23933939468375184	5.866816077769673	4.120050718815208	7.5745061949391435	7.086372611443249	0.0	0.3878034134653819	0.006706971667234605	0.19571051138545587	0.9380112997736266	3.151170828585223	0.37570685318574015	3.4690820687782975	0.6935886122730078	0.7985015499185539
LTK	0.2153343865307406	5.405009345817866	0.30941784115971255	1.0479484894223858	0.06495456361882972	1.1663302949516963	0.07012545324101199	0.44540278475423456	3.045893471644231	4.0123241128778435	0.14615529350277573	0.5125638220155861	0.0	0.3231500955320281	0.16868395943419487	0.1699789483805852	0.3492290745027162	1.941304059125189
ID3	2.72323485012044	3.0273146061351817	6.624841040917264	5.207405061278056	1.0108125127946512	1.5935391990327175	2.345341207007908	4.9349803591629815	8.1136676274889	0.5895564139373655	9.227725251230348	7.77164394763537	5.504648461869782	4.187379508587579	6.1406827200607195	5.129456078003084	5.38569940324612	2.367634633727695
SNTB1	3.992259409711641	3.974878594463259	1.919839340719266	2.3056798581808726	3.7888940552858283	4.54328034003475	3.05547573087072	2.1597763980660067	4.775186338327995	3.0827803750301994	2.4679944163963894	4.276585133617067	0.1666309316137822	4.659155415265734	0.009910162194802842	0.0	1.08590237265061	2.852368725407068
FST	4.778572073358558	0.5354408799412269	6.809667777192167	0.0	0.12169298591974842	1.3024220209532769	2.032718098677064	0.7651798683042559	1.7721389993526655	0.22742493656716903	0.7342257082640399	0.0	7.114557643564719	0.2023518246376316	7.093021890486718	4.717285676781746	0.0	1.3418640717998234
ST8SIA1	1.0805198263072429	1.2710896627469834	2.143174689230945	0.07850523136997606	2.8728684353494467	1.0129367877200552	4.814883307396831	3.4971430905053875	0.0	0.2114737256054915	0.5768367144315687	0.773637285605424	2.078738996130812	0.03029805772215279	4.290277477032321	0.0	0.0	0.0
PIK3R1	2.1050599863868533	2.567806543544906	2.5229915636803932	4.493742803087942	6.525410904995632	0.0	4.6166428162145445	4.12282362959388	2.780760185267564	3.187993700334379	2.8594868100006767	3.042185494100072	3.191169455834503	5.566531651061577	3.8241053350194076	1.5497720993514834	3.026294415555915	4.431613502084827
NFASC	3.697701295451724	0.25154274462661586	0.2364229520590959	0.11951300197419139	6.908670048193842	3.914734358109947	6.4560666545106224	5.771615510029969	0.0	0.14334518862609041	3.4155659062257167	0.5125638220155861	2.5441568468836735	2.0977710853635063	0.4392461058603292	5.057783133996112	0.10917207311556035	0.5835863597984067
RYR1	0.0007975162765038889	1.727323444739647	3.2112243437444827	0.5281680174638588	3.2230133217856354	2.449408481253691	2.966213780895891	4.513980767866203	0.0	0.020741485599833062	1.7560779385045686	0.9884075116495146	4.850636858427335	0.02830017004238715	3.5727362178745414	0.0	1.40821730227604	0.0
COL8A1	1.3350120883781853	4.960497367163639	1.508444243965503	0.0	1.1405987228506589	7.468569221981462	2.4700413437602853	5.094624123049909	2.680802037599931	0.0	0.10997620281711235	0.0	0.13316319779374444	0.0	2.2117471248035683	0.0	0.10917207311556035	0.19789957627145752
FN1	8.390532077601586	6.3211891495696415	8.090266235917976	1.4232363226361844	9.67561095523563	5.683886825072128	4.143960212372843	7.354713388745206	1.8006061290522157	7.6649924019872016	3.3737759176121838	0.8130321314875633	1.81995699345868	10.243124360057678	11.45233422209694	5.557151914316316	1.6720608796139929	0.7008426537600547
BMP4	0.5426756645410076	4.686058633207399	2.983435025621315	6.213542931005919	1.031172122235936	1.7305929223460983	0.16152765025355645	1.1692548906838505	8.25388466958134	0.05588536156742073	0.9710440560446243	6.496276259374434	1.9093642895264518	0.361359361970462	4.123487313701058	0.0	6.055314354173661	5.432598048113613
FAM25A	0.0	0.0	6.11017306417906	0.790439687015501	0.4235699158539512	0.0	0.0	0.0	1.0890664100150373	0.51701631208369	0.0	0.0	9.13448464178733	0.0	2.604375182013909	0.0	0.0	0.414831405511705
QPCT	2.4688919442408177	3.376668407290268	0.1173210513072292	1.8728815038231401	0.033848694839380855	4.026929586566102	2.876548747645497	0.7210198563070869	1.5140646118797096	4.681914238063381	0.6328181095553694	0.3941216793412614	0.0	1.9257697628267318	2.9293430741868054	2.8018425810758556	0.0	2.908478425871962
CRABP1	2.734714148358063	0.0	0.0	0.9147512060130073	11.45233422209694	4.6476944111125436	8.005073572498064	6.677258308362905	0.0	0.0	3.2932051607345154	1.1356906769676427	0.0	0.0	0.0	1.3470591352160886	0.0	0.1575241991094509
FOSL1	7.453570722872651	6.724027045190224	5.6317222898806385	2.1207486673999196	0.4023333417241973	3.0014670517472477	2.5788784532671944	0.8549297116109315	4.854919993679696	3.83595277641046	0.4993012905083833	3.0827803750301994	6.596822406626927	0.6217838469600522	4.419380994577615	0.1915175371175437	4.461673561660021	3.907096441397515
KRT6B	0.25603098984532524	0.04830160249152758	6.64474757102973	1.359265877907307	4.031043442102923	8.85886783540337	6.759073742883514	9.000722077103163	2.0776849955933336	0.0868885837027344	0.029076775584143892	5.188176734379848	11.546927546204401	0.17521046401564913	6.451208616682719	0.0	0.4082117556711055	0.36130595684805383
TMC5	1.431514957959512	2.7568823580087245	2.0776849955933336	7.279270890887064	0.1781806973528911	1.151843210927291	1.01713665538681	0.002799556253573853	1.2586248732359122	5.477293681631931	1.8614169778657887	5.467318871659984	1.87170111004188	1.0433374428649864	1.8444007048922393	0.1421856986355076	6.3516599551906	6.156900544986463
ZNF528	1.568112432099411	3.907096441397515	2.973055979835708	0.11951300197419139	3.8824388565032617	0.9578368391800528	4.381929111138626	1.174439643735569	2.485708061548224	3.047835039271391	3.117778833314856	0.5125638220155861	2.9697522257014715	1.9929536146434517	5.821093598736085	4.141413174459577	0.0	0.0
GRHL1	1.360997918437498	0.5159603071653173	5.653129726891337	2.758469522597522	6.054753842755645	5.852298245601958	6.901518519643365	5.672659022670693	3.1127293672707372	4.196097507749097	2.899721007708509	1.6199627279577706	6.176957318837286	3.214981083560122	5.8807092146471	2.7019961289101513	2.2987198768054626	2.403637895898852
PTPN13	1.8679223907780316	2.098427824078609	4.812873319430662	0.0	2.4057081859006804	0.8579970258855225	0.6273094454198037	1.6387027232006899	0.1309393353470024	0.18350110467020425	3.3563099355845805	3.0657191748004275	4.376119285981729	0.0	5.015213457274046	2.071032598068809	0.0732781030661126	1.9226555412851596
CNTN1	0.5225302887705109	0.04830160249152758	4.554755135432873	0.0	2.4915933538155053	0.9578368391800528	0.19882832850811222	0.7896602747356813	0.719318145223691	0.0	1.2978762636722896	0.0	4.667864983874125	0.39149751340705335	4.5014256535273	0.27609518198676014	0.17343715427054177	0.04361952418846862
SOCS3	4.5035198057342365	3.8608482927667427	1.951171319658324	3.2195345933094965	1.1996752835463547	2.3883493437505576	1.1194857842441348	0.9855736040103691	1.3991565966746433	6.098600174842309	0.09320324399608203	3.3318646325980104	3.7888940552858283	0.14908631995977759	3.8597493829339964	3.048894260598196	2.874854492214598	5.077009714922369
DTX4	2.848775474035054	0.16762776749874395	4.144998259815484	5.085710593415296	5.151524834210405	0.5924424478364482	1.5035810427874075	5.355937632049439	0.43523003387076226	1.84825857455875	2.004505510652223	3.4402626465830246	1.5056251624653558	6.794524582672908	4.841953711220609	0.16058762335553736	4.14104119230142	5.042398368338503
PKP1	1.0161407445083142	0.8630305119028211	8.007821625858778	4.186773856153248	3.6169967694897958	4.832412796590482	5.788357499485759	7.260796498762681	7.029693573771679	1.0821505122358634	2.108745726325296	1.747063340818878	9.068922521210293	0.0	3.928788919519646	0.6663348246709601	0.5601508699192294	0.44335845967902604
STEAP1	5.764806997090592	4.931838708623755	6.412402301566352	1.8944169405622802	3.1081047844742624	0.0	1.858635875211605	4.846938938196882	1.9334735254812512	3.5738849566887327	8.086707306579008	4.5313122873843135	3.3184461795128737	4.60953377248983	5.173520947151311	0.0	1.1172045702434015	5.795158368050557
SEL1L3	4.967290293600264	4.710188942540793	3.904238607487873	6.654566856080134	5.1467962680032535	5.401845343586767	3.3839280690745612	3.176864256771955	1.114190951998307	5.183933787187554	3.1614952124213733	6.359891235736707	1.9540346287988635	3.8249106684423118	0.03269284397061503	4.787248156621734	5.077991269360047	7.107074420648217
HPX	0.25603098984532524	0.04830160249152758	1.0009978302975275	1.5173466474545105	5.0658478815340295	1.1390561199396099	1.0753496670221303	1.0251134561503497	0.1309393353470024	1.0522168513573755	3.593678419252866	0.9690907058336339	0.0	10.474553191112935	0.8573845348346274	1.919839340719266	0.3492290745027162	0.5932603801980072
IRF6	0.017087169315159353	2.0217280111796785	7.134872626481104	5.771615510029969	4.77185975568637	6.11017306417906	7.26938904362949	5.643175829152926	4.26779144053533	4.915834812701942	3.31307801274423	5.214284905075769	8.473642801976677	6.031086597401774	7.120320509184152	4.861710130254208	4.973335235138799	5.596832467011538
